0.704864	0.046166144	0.04287143	0.08722155	0.015003123	0.03624261	0.029699503	0.03130388	0.013163534	
0.704864
뉴스 뉴스
0.20221989	0.010696464	0.043403476	0.59887016	0.0069050263	0.034190834	0.0803957	0.01677555	0.0146731455	
0.59887016
0.21045363	0.7976764	
0.7976764
뉴스 소리크게
0.28792945	0.032109793	0.04574231	0.41262493	0.060213838	0.039991803	0.07517972	0.02421184	0.029403638	
0.41262493
0.27697244	0.73043483	
0.73043483
뉴스 소리크게
0.39522934	0.044502437	0.0461907	0.3445427	0.031913523	0.024555398	0.03961063	0.021493891	0.059537206	
0.39522934
뉴스 뉴스
0.44589323	0.038916517	0.08137938	0.3159015	0.011574517	0.043917622	0.031041704	0.019689484	0.018828688	
0.44589323
뉴스 뉴스
0.4950601	0.026746817	0.05826199	0.31887558	0.017318845	0.024243139	0.021913676	0.03107796	0.013964591	
0.4950601
뉴스 뉴스
0.5517746	0.03814774	0.04280591	0.2635229	0.0155718615	0.022048686	0.02373327	0.04048659	0.0090005575	
0.5517746
뉴스 뉴스
0.46413073	0.022120602	0.06377363	0.33414513	0.02054367	0.025934285	0.038553573	0.020119384	0.017528275	
0.46413073
뉴스 뉴스
0.4486653	0.03649036	0.05518706	0.30503407	0.0152306575	0.028270895	0.030511092	0.06566561	0.021794144	
0.4486653
뉴스 뉴스
0.5718998	0.014715183	0.05515757	0.25031155	0.013155995	0.029880058	0.027196057	0.03199037	0.012887532	
0.5718998
뉴스 뉴스
0.56715757	0.019010942	0.04161242	0.2648718	0.023596436	0.028298737	0.027416606	0.021964965	0.013162627	
0.56715757
뉴스 뉴스
0.45450118	0.018194262	0.056226198	0.318059	0.04516776	0.031260885	0.058864	0.018204922	0.006984181	
0.45450118
뉴스 뉴스
0.42778638	0.026103167	0.07112536	0.36427918	0.038981248	0.025091235	0.030633183	0.014486619	0.009205891	
0.42778638
뉴스 뉴스
0.3386344	0.041145753	0.0747736	0.30876574	0.07714155	0.03645588	0.06998566	0.036120556	0.023969827	
0.3386344
뉴스 뉴스
0.5270851	0.01953563	0.05181119	0.23424369	0.045869697	0.035139635	0.0397634	0.045669906	0.008457353	
0.5270851
뉴스 뉴스
0.52286583	0.03477222	0.08029699	0.20310323	0.03391317	0.042367537	0.054620232	0.025349172	0.009905944	
0.52286583
뉴스 뉴스
0.49427763	0.012919472	0.06698053	0.28257555	0.024418851	0.028448436	0.034712818	0.04477702	0.017834147	
0.49427763
뉴스 뉴스
0.5001069	0.009435003	0.04435077	0.28638437	0.026867224	0.02748381	0.038971107	0.06554182	0.008001927	
0.5001069
뉴스 뉴스
0.5619631	0.023431128	0.061134648	0.22226356	0.019708985	0.03210134	0.030336699	0.040918555	0.015495034	
0.5619631
뉴스 뉴스
0.5827672	0.022942875	0.05834432	0.19628775	0.017665185	0.034373112	0.02272209	0.044936124	0.026810726	
0.5827672
뉴스 뉴스
0.6217862	0.041037995	0.0526542	0.07213822	0.034670625	0.056700382	0.08040529	0.032172605	0.015379001	
0.6217862
뉴스 뉴스
0.60074276	0.037550937	0.064947575	0.10002241	0.030782813	0.05267282	0.09186488	0.019932201	0.008333	
0.60074276
뉴스 뉴스
0.5960185	0.03204595	0.06392628	0.15063146	0.023859212	0.055733033	0.044537365	0.027258545	0.012792352	
0.5960185
뉴스 뉴스
0.6564448	0.04450687	0.048797987	0.10358206	0.025914116	0.045000598	0.035853714	0.033000454	0.013941692	
0.6564448
뉴스 뉴스
0.6026338	0.01844752	0.06715721	0.16267435	0.022066653	0.031549167	0.04651963	0.03796195	0.018031983	
0.6026338
뉴스 뉴스
0.5514645	0.018215599	0.0536528	0.21754587	0.037649523	0.03186436	0.046388384	0.03973783	0.011173468	
0.5514645
뉴스 뉴스
0.64631635	0.028446427	0.06022197	0.08577955	0.019844774	0.045288082	0.052429304	0.05254295	0.015887348	
0.64631635
뉴스 뉴스
0.5449677	0.045502514	0.059279934	0.099046364	0.0381469	0.05695995	0.044616014	0.09904414	0.019285887	
0.5449677
뉴스 뉴스
0.55081296	0.03492249	0.07974698	0.10074065	0.049862202	0.068895124	0.05068404	0.05099023	0.02053936	
0.55081296
뉴스 뉴스
0.56402373	0.03694388	0.07313262	0.07438937	0.030132784	0.092928834	0.08022314	0.038129073	0.01729082	
0.56402373
뉴스 뉴스
0.112126105	0.10415408	0.16580313	0.08902161	0.21399708	0.09982688	0.11304265	0.052014265	0.0574769	
0.21399708
리모컨 시간
0.11413964	0.22143053	0.095644906	0.09320926	0.05988336	0.14313425	0.14089487	0.088395014	0.049479432	
0.22143053
리모컨 리모컨
0.12998885	0.17806429	0.06864695	0.11942829	0.10010049	0.14463165	0.13405003	0.04273689	0.08920185	
0.17806429
리모컨 리모컨
0.08301546	0.17494234	0.0977553	0.13119468	0.1028045	0.13998821	0.13459098	0.029809708	0.113963276	
0.17494234
리모컨 리모컨
0.1518056	0.09889707	0.13676238	0.1246742	0.095685676	0.15281884	0.12039206	0.07171398	0.05471284	
0.15281884
0.38895452	0.6185081	
0.6185081
리모컨 오늘일정
0.1479705	0.13987885	0.09190594	0.10136183	0.12009822	0.14420158	0.106918655	0.04391038	0.11222856	
0.1479705
리모컨 뉴스
0.15276629	0.09510029	0.09882573	0.119916044	0.14232326	0.08710773	0.14665975	0.063671075	0.10196313	
0.15276629
리모컨 뉴스
0.1426891	0.11819884	0.09625382	0.083253145	0.11196881	0.10856858	0.12610182	0.0981942	0.122645706	
0.1426891
리모컨 뉴스
0.13765514	0.08524339	0.05317273	0.09246467	0.17766419	0.15232383	0.114180386	0.116839625	0.079227984	
0.17766419
리모컨 시간
0.18049704	0.068763204	0.08926099	0.06295908	0.073630355	0.19580199	0.12984364	0.13518427	0.072534	
0.19580199
0.3707419	0.6377327	
0.6377327
리모컨 오늘일정
0.12456874	0.06641252	0.16065986	0.08964807	0.045757517	0.2594276	0.17664355	0.0225804	0.061877582	
0.2594276
0.720212	0.28736374	
0.720212
리모컨 오늘날씨
0.17937489	0.13811886	0.10225624	0.06746979	0.10872874	0.13309221	0.0994716	0.09813741	0.0810426	
0.17937489
리모컨 뉴스
0.068521835	0.1850239	0.0820486	0.122455955	0.18404047	0.12615435	0.12817314	0.046809804	0.0649021	
0.1850239
리모컨 리모컨
0.13392274	0.12213898	0.11327945	0.0620003	0.14591566	0.13094138	0.120097525	0.12313741	0.05541576	
0.14591566
리모컨 시간
0.12540059	0.16283382	0.146169	0.061107177	0.13834156	0.10737018	0.1248358	0.06577276	0.07616913	
0.16283382
리모컨 리모컨
0.18159397	0.19538745	0.097186774	0.07589092	0.094785795	0.13586797	0.1031234	0.062389962	0.06112673	
0.19538745
리모컨 리모컨
0.108726166	0.10618332	0.10824152	0.11713447	0.14131987	0.15075415	0.14217183	0.07312334	0.059698217	
0.15075415
0.32741237	0.67994064	
0.67994064
리모컨 오늘일정
0.11705153	0.22207604	0.13760246	0.10883579	0.096185446	0.14264564	0.12720646	0.030834805	0.024604207	
0.22207604
리모컨 리모컨
0.11404795	0.121751316	0.123153925	0.09126985	0.15093939	0.15771472	0.13345733	0.0464021	0.069527805	
0.15771472
0.38185927	0.62640494	
0.62640494
리모컨 오늘일정
0.094846144	0.16179842	0.11573564	0.09478552	0.15194367	0.13167803	0.1560043	0.07332336	0.026927127	
0.16179842
리모컨 리모컨
0.18148158	0.10971932	0.13376345	0.12751634	0.12716746	0.097803794	0.11585078	0.07264435	0.041299175	
0.18148158
리모컨 뉴스
0.22442308	0.14459644	0.09108128	0.090236835	0.087184526	0.17357895	0.11281452	0.03652912	0.043810535	
0.22442308
리모컨 뉴스
0.15809803	0.107097685	0.11817433	0.095721096	0.15537128	0.109451585	0.12769763	0.06719126	0.06996909	
0.15809803
리모컨 뉴스
0.10323812	0.098625146	0.166387	0.17925324	0.13009436	0.12971719	0.10879964	0.04707492	0.045074817	
0.17925324
0.51724577	0.49101874	
0.51724577
리모컨 소리작게
0.10394382	0.09828636	0.10684981	0.11668621	0.18345237	0.0873605	0.11569329	0.108010635	0.088264026	
0.18345237
리모컨 시간
0.08183322	0.12867928	0.12574892	0.118467495	0.16491704	0.15242717	0.09258533	0.06662659	0.07658899	
0.16491704
리모컨 시간
0.081259705	0.10563016	0.14090917	0.086542636	0.18577722	0.17101349	0.1381616	0.04830655	0.050802864	
0.18577722
리모컨 시간
0.15598422	0.09599985	0.14279756	0.106575094	0.15500109	0.13921492	0.11265128	0.06426517	0.035086486	
0.15598422
리모컨 뉴스
0.065144114	0.10851989	0.22678255	0.06306902	0.12701927	0.17960443	0.13150248	0.07070364	0.03333643	
0.22678255
0.7378962	0.26778567	
0.7378962
리모컨 소리작게
0.044561327	0.20195888	0.14703776	0.022781543	0.222076	0.121167734	0.09274809	0.0783653	0.07723984	
0.222076
리모컨 시간
0.2022426	0.03107536	0.18782729	0.35331732	0.06102382	0.054469198	0.05175726	0.038175378	0.024459496	
0.35331732
0.8812644	0.12308332	
0.8812644
소리작게 소리작게
0.07581888	0.03832906	0.12706484	0.36622515	0.032267816	0.1106423	0.108527295	0.094594784	0.051291686	
0.36622515
0.67989445	0.32486764	
0.67989445
소리작게 소리작게
0.06927036	0.0518295	0.14118123	0.3773815	0.0727709	0.062281717	0.07757623	0.07468268	0.07826155	
0.3773815
0.8234943	0.18174131	
0.8234943
소리작게 소리작게
0.05153768	0.03948367	0.1879751	0.37801594	0.0667397	0.07653797	0.08439926	0.058735635	0.061600104	
0.37801594
0.63065	0.37437528	
0.63065
소리작게 소리작게
0.0774799	0.037403513	0.16452107	0.40462238	0.039011557	0.059125766	0.12724455	0.031408086	0.06436454	
0.40462238
0.7536429	0.25153887	
0.7536429
소리작게 소리작게
0.093378074	0.047400586	0.15262663	0.43230164	0.05490157	0.040900573	0.07596253	0.030227214	0.07764862	
0.43230164
0.8267676	0.17858014	
0.8267676
소리작게 소리작게
0.08630126	0.015610696	0.10864312	0.5075889	0.018435743	0.062508576	0.10929615	0.032307334	0.064802654	
0.5075889
0.8013158	0.20417853	
0.8013158
소리작게 소리작게
0.06528444	0.028817821	0.2533507	0.25808677	0.051764037	0.08162047	0.1254956	0.03026789	0.11028747	
0.25808677
0.6161783	0.3887969	
0.6161783
소리작게 소리작게
0.08966283	0.04041082	0.25660402	0.26178572	0.073661804	0.06268011	0.06030066	0.037998144	0.12205057	
0.26178572
0.8589946	0.14615992	
0.8589946
소리작게 소리작게
0.123903066	0.046716627	0.22225809	0.2759219	0.07877562	0.059164125	0.10662559	0.04375249	0.04840734	
0.2759219
0.90375423	0.10177073	
0.90375423
소리작게 소리작게
0.13477963	0.02842934	0.21224897	0.30327976	0.083121516	0.07089365	0.059610706	0.053553984	0.059488002	
0.30327976
0.91637945	0.08902607	
0.91637945
소리작게 소리작게
0.17222424	0.031611267	0.23310784	0.3096054	0.054539338	0.046343442	0.046467654	0.04507155	0.06701721	
0.3096054
0.9523792	0.05360923	
0.9523792
소리작게 소리작게
0.10495243	0.041401852	0.24430043	0.31427518	0.07039931	0.06490512	0.107377656	0.033710796	0.02423269	
0.31427518
0.9109872	0.09456835	
0.9109872
소리작게 소리작게
0.08686876	0.05075404	0.2820312	0.24116054	0.06960491	0.0742308	0.09419226	0.037566297	0.06911608	
0.2820312
0.8518603	0.15366472	
0.8518603
소리작게 소리작게
0.0906045	0.035804275	0.22863436	0.38693893	0.07919511	0.050060626	0.06020277	0.039608337	0.034186676	
0.38693893
0.89034164	0.11489416	
0.89034164
소리작게 소리작게
0.1387433	0.038504295	0.2571544	0.27220583	0.10571264	0.028388739	0.038069416	0.035300057	0.09233143	
0.27220583
0.8760843	0.13032626	
0.8760843
소리작게 소리작게
0.12906028	0.022648806	0.21188925	0.27838942	0.10453608	0.07326517	0.052013356	0.06682884	0.06668791	
0.27838942
0.8212656	0.18405382	
0.8212656
소리작게 소리작게
0.15411788	0.0374678	0.20070261	0.31497946	0.06767763	0.06814295	0.06237154	0.06977738	0.029688798	
0.31497946
0.85910887	0.14581761	
0.85910887
소리작게 소리작게
0.12940359	0.05383701	0.24356544	0.2678231	0.09190985	0.08412555	0.061549924	0.04721917	0.025350966	
0.2678231
0.9021061	0.10267881	
0.9021061
소리작게 소리작게
0.12880428	0.04189962	0.2418628	0.38115382	0.037350323	0.05648611	0.058604848	0.040515177	0.01945812	
0.38115382
0.8856523	0.12048285	
0.8856523
소리작게 소리작게
0.11591952	0.04534957	0.20280403	0.34299546	0.070471756	0.04552506	0.08773195	0.061852023	0.032505225	
0.34299546
0.85237926	0.1527758	
0.85237926
소리작게 소리작게
0.10640055	0.03902856	0.28103146	0.2190127	0.07826229	0.0810305	0.12183508	0.024235347	0.05465804	
0.28103146
0.80965877	0.19583613	
0.80965877
소리작게 소리작게
0.11946065	0.044624276	0.19796482	0.2939831	0.08366778	0.09748344	0.06905923	0.058789756	0.040095247	
0.2939831
0.82293826	0.18219018	
0.82293826
소리작게 소리작게
0.10974303	0.04594844	0.30763367	0.26416275	0.05683294	0.09130239	0.043634728	0.06319281	0.022549272	
0.30763367
0.89698195	0.10801803	
0.89698195
소리작게 소리작게
0.119129606	0.031537026	0.21600817	0.39931586	0.067355685	0.049776368	0.030779857	0.058073957	0.032949653	
0.39931586
0.8796078	0.12531853	
0.8796078
소리작게 소리작게
0.14426509	0.04184873	0.17272557	0.39656633	0.06730108	0.05356313	0.03341264	0.071948744	0.02349681	
0.39656633
0.86823565	0.13689269	
0.86823565
소리작게 소리작게
0.121652044	0.033103675	0.209214	0.29281378	0.085395776	0.07979381	0.06586687	0.09280969	0.024204722	
0.29281378
0.93970674	0.065147735	
0.93970674
소리작게 소리작게
0.2302252	0.034106262	0.21288355	0.24415626	0.06132401	0.08627385	0.08398232	0.039541725	0.01243287	
0.24415626
0.92907465	0.075851426	
0.92907465
소리작게 소리작게
0.16905235	0.03870687	0.19562028	0.30527836	0.09106694	0.07679627	0.053147763	0.04612027	0.02873571	
0.30527836
0.8825207	0.122004144	
0.8825207
소리작게 소리작게
0.18583253	0.03699152	0.22317354	0.33719003	0.067080714	0.04014077	0.048102025	0.036081277	0.030169407	
0.33719003
0.893351	0.11141114	
0.893351
소리작게 소리작게
0.10015743	0.025975917	0.08294756	0.5631526	0.03202614	0.027326562	0.070887014	0.045874268	0.05594433	
0.5631526
0.24505083	0.75924104	
0.75924104
소리크게 소리크게
0.05959608	0.02920902	0.06653447	0.6127802	0.039301973	0.035738047	0.0912344	0.044899322	0.025808359	
0.6127802
0.13062777	0.87447417	
0.87447417
소리크게 소리크게
0.062225323	0.0214477	0.059606005	0.6789791	0.028575396	0.022872973	0.026985807	0.07886838	0.025464283	
0.6789791
0.19871847	0.8063068	
0.8063068
소리크게 소리크게
0.123455994	0.018736081	0.042593565	0.6167794	0.016775154	0.012890314	0.066027746	0.0819404	0.025586044	
0.6167794
0.120373316	0.88441145	
0.88441145
소리크게 소리크게
0.09274872	0.010862718	0.028173076	0.6920372	0.013587247	0.005871379	0.06483639	0.07671791	0.020091377	
0.6920372
0.17212999	0.8327963	
0.8327963
소리크게 소리크게
0.115967065	0.013218012	0.02804668	0.66305166	0.02619073	0.0061001545	0.014417325	0.10202932	0.035786774	
0.66305166
0.16580845	0.8389996	
0.8389996
소리크게 소리크게
0.095627695	0.008969812	0.019671082	0.6682129	0.009897198	0.019336278	0.07672567	0.078456245	0.028078385	
0.6682129
0.07523326	0.9297421	
0.9297421
소리크게 소리크게
0.066959046	0.011045402	0.022345133	0.78159755	0.0052514235	0.028577823	0.033031963	0.04432298	0.011918833	
0.78159755
0.14142308	0.8636275	
0.8636275
소리크게 소리크게
0.11802885	0.01512252	0.008221142	0.7180661	0.003101829	0.005230463	0.051814035	0.071392246	0.013854091	
0.7180661
0.13498652	0.8698445	
0.8698445
소리크게 소리크게
0.13122319	0.01483701	0.013303792	0.701933	0.0072357603	0.016886475	0.03789466	0.05646187	0.024964007	
0.701933
0.080856815	0.9238826	
0.9238826
소리크게 소리크게
0.046482872	0.02887987	0.07038775	0.666413	0.034797225	0.047773942	0.027585037	0.061049294	0.02153308	
0.666413
0.20183101	0.8030713	
0.8030713
소리크게 소리크게
0.076857	0.031599935	0.07530733	0.57819855	0.03346735	0.044860058	0.06530072	0.08244696	0.016793067	
0.57819855
0.29585302	0.70897764	
0.70897764
소리크게 소리크게
0.09343734	0.020727325	0.04954834	0.66874087	0.022688666	0.034393243	0.045462884	0.047099594	0.022876829	
0.66874087
0.17647758	0.8284976	
0.8284976
소리크게 소리크게
0.07433446	0.021530963	0.07123452	0.6629374	0.03265315	0.023025284	0.045029238	0.05167256	0.022390068	
0.6629374
0.2642319	0.74057573	
0.74057573
소리크게 소리크게
0.08113704	0.019589782	0.050861675	0.7039079	0.026146207	0.032714915	0.024261452	0.051154304	0.015354613	
0.7039079
0.22109017	0.78403795	
0.78403795
소리크게 소리크게
0.07315251	0.037066158	0.06910013	0.60702646	0.021144874	0.057148848	0.06489479	0.058230665	0.01721091	
0.60702646
0.20672189	0.79825324	
0.79825324
소리크게 소리크게
0.0538813	0.025641086	0.06492518	0.6696147	0.030062813	0.03303726	0.05452536	0.051717743	0.021645159	
0.6696147
0.18131143	0.82373935	
0.82373935
소리크게 소리크게
0.029458158	0.034658175	0.056074042	0.6756189	0.043741766	0.03289467	0.052937344	0.066120364	0.013704897	
0.6756189
0.21076564	0.7944425	
0.7944425
소리크게 소리크게
0.06408197	0.009327004	0.025116645	0.74917066	0.012429385	0.012204242	0.04546367	0.057366047	0.029766524	
0.74917066
0.06166282	0.9432634	
0.9432634
소리크게 소리크게
0.04297458	0.026027132	0.04610754	0.7121622	0.029206611	0.039513685	0.031310257	0.058067422	0.019630685	
0.7121622
0.16381632	0.8411839	
0.8411839
소리크게 소리크게
0.0464497	0.027535222	0.05288435	0.6991467	0.02850831	0.03065595	0.0429834	0.04423986	0.033310812	
0.6991467
0.18343231	0.8222821	
0.8222821
소리크게 소리크게
0.039916057	0.0383402	0.067594804	0.6228196	0.028118484	0.039184146	0.09403082	0.061203085	0.014140508	
0.6228196
0.24092071	0.7644267	
0.7644267
소리크게 소리크게
0.055076294	0.04205753	0.082011886	0.5363043	0.03652137	0.048483096	0.060479984	0.1145093	0.029710833	
0.5363043
0.21184182	0.793313	
0.793313
소리크게 소리크게
0.065688014	0.02223325	0.07928666	0.62319285	0.035781298	0.04310068	0.05553695	0.053739373	0.02667657	
0.62319285
0.23096871	0.7742664	
0.7742664
소리크게 소리크게
0.08327635	0.043462113	0.09554447	0.50419253	0.05399285	0.044160396	0.075641826	0.08318226	0.020971805	
0.50419253
0.2661379	0.73828715	
0.73828715
소리크게 소리크게
0.08407071	0.014702213	0.04322293	0.6303243	0.019199641	0.028708884	0.09375963	0.068413705	0.022806207	
0.6303243
0.15396161	0.85124683	
0.85124683
소리크게 소리크게
0.039781153	0.031008314	0.048762836	0.72880954	0.02392045	0.024983676	0.03415454	0.05340607	0.020953884	
0.72880954
0.20282413	0.80295587	
0.80295587
소리크게 소리크게
0.07142767	0.019507486	0.056523234	0.5580694	0.05084605	0.063082226	0.10358777	0.047032785	0.034662653	
0.5580694
0.15148734	0.8532524	
0.8532524
소리크게 소리크게
0.05766097	0.025127681	0.030193353	0.71195894	0.027783064	0.01666837	0.05121318	0.04748561	0.037117098	
0.71195894
0.12449217	0.8807164	
0.8807164
소리크게 소리크게
0.07932773	0.034522973	0.062252384	0.64281803	0.022919986	0.030520875	0.039789326	0.063990854	0.028959671	
0.64281803
0.18917349	0.81592864	
0.81592864
소리크게 소리크게
0.088228345	0.0462822	0.08765106	0.20378068	0.20097408	0.16460006	0.087095566	0.06722512	0.061796427	
0.20378068
0.7504429	0.2571907	
0.7504429
시간 소리작게
0.078066014	0.0397699	0.10862053	0.11649189	0.168197	0.2159729	0.13475537	0.07531218	0.07056606	
0.2159729
0.38585803	0.6218937	
0.6218937
시간 오늘일정
0.11263541	0.025959535	0.11645465	0.16231401	0.13311091	0.11365621	0.11827369	0.12925234	0.097867094	
0.16231401
0.49959636	0.50992745	
0.50992745
시간 소리크게
0.06309597	0.03353398	0.122695506	0.17453802	0.19798884	0.13373128	0.1140568	0.108391136	0.060740467	
0.19798884
시간 시간
0.076093316	0.041201252	0.13249907	0.1937397	0.18522023	0.14847437	0.07930738	0.077648796	0.07421929	
0.1937397
0.58599484	0.42240858	
0.58599484
시간 소리작게
0.10443965	0.046572518	0.12920849	0.11510341	0.2260876	0.101331204	0.11416477	0.07431606	0.097323366	
0.2260876
시간 시간
0.07070278	0.04180105	0.07188929	0.14276199	0.25428256	0.1073868	0.11004272	0.131314	0.077281505	
0.25428256
시간 시간
0.06513039	0.03387475	0.11512971	0.17068133	0.21246311	0.14292333	0.08083591	0.09134166	0.09543235	
0.21246311
시간 시간
0.114398636	0.04192612	0.14983138	0.1720755	0.20738652	0.13243489	0.046712272	0.057584237	0.08522618	
0.20738652
시간 시간
0.058313355	0.029482529	0.07373022	0.16628514	0.23692836	0.17475353	0.071931235	0.100088164	0.096684135	
0.23692836
시간 시간
0.05510764	0.04465629	0.086036555	0.1770123	0.13756469	0.22895831	0.10283372	0.08401206	0.09175492	
0.22895831
0.55986655	0.44807	
0.55986655
시간 오늘날씨
0.09041871	0.022828115	0.122414745	0.21862677	0.15569253	0.19265464	0.06943831	0.070397206	0.06607588	
0.21862677
0.570049	0.43849814	
0.570049
시간 소리작게
0.07587708	0.02922098	0.06884735	0.2737602	0.19066869	0.15344714	0.10001419	0.04979567	0.0667719	
0.2737602
0.4961549	0.51224834	
0.51224834
시간 소리크게
0.10494206	0.032144934	0.15055847	0.2571734	0.15868339	0.1723643	0.04625105	0.041348413	0.04466403	
0.2571734
0.5163526	0.49177736	
0.5163526
시간 소리작게
0.11120527	0.047693186	0.089920156	0.11897132	0.19119914	0.23022217	0.089687645	0.056144983	0.07230905	
0.23022217
0.44939616	0.5579567	
0.5579567
시간 오늘일정
0.12270559	0.04675195	0.14516342	0.22989951	0.18011366	0.13324241	0.049474925	0.05499531	0.04558964	
0.22989951
0.5099113	0.49802518	
0.5099113
시간 소리작게
0.09474866	0.049289178	0.13029161	0.275751	0.11796368	0.13331002	0.093469314	0.04400635	0.06917011	
0.275751
0.41969723	0.58830273	
0.58830273
시간 소리크게
0.08538884	0.05334621	0.11489707	0.13318387	0.29313812	0.14086992	0.05694097	0.04633621	0.08371131	
0.29313812
시간 시간
0.07467367	0.047529586	0.122736685	0.16226417	0.25329125	0.19272159	0.049882624	0.040611073	0.064419396	
0.25329125
시간 시간
0.09862685	0.032128587	0.11811704	0.14543039	0.30618995	0.12185433	0.06607854	0.040517375	0.079906516	
0.30618995
시간 시간
0.07704451	0.071978495	0.100492954	0.080811396	0.3705881	0.13621634	0.065076664	0.03796715	0.06802113	
0.3705881
시간 시간
0.1149106	0.059773613	0.08531854	0.0918655	0.356826	0.10719182	0.074336	0.028742017	0.08884839	
0.356826
시간 시간
0.1772806	0.053658046	0.12425101	0.1564876	0.2303915	0.08438734	0.054681525	0.037240446	0.088764735	
0.2303915
시간 시간
0.13922915	0.0453922	0.1056122	0.15719812	0.30360016	0.11310225	0.041065034	0.05399388	0.04844054	
0.30360016
시간 시간
0.08862894	0.036410876	0.07360751	0.22047178	0.22410563	0.16825509	0.06727614	0.045077503	0.084713496	
0.22410563
시간 시간
0.12827207	0.044398274	0.14355113	0.15482393	0.19424851	0.14131607	0.06862073	0.04848974	0.0842161	
0.19424851
시간 시간
0.10477077	0.02596949	0.077355444	0.13689199	0.27035972	0.1677451	0.091482	0.08134486	0.052701272	
0.27035972
시간 시간
0.112540185	0.027482612	0.08298697	0.12567656	0.2495818	0.1913009	0.078170314	0.07125498	0.07026481	
0.2495818
시간 시간
0.10054896	0.03249894	0.106784314	0.04638949	0.302808	0.2276982	0.07765342	0.06643107	0.048533462	
0.302808
시간 시간
0.08801745	0.0452338	0.09870268	0.14461583	0.298458	0.19293045	0.042732764	0.056245662	0.041466758	
0.298458
시간 시간
0.09341267	0.019697418	0.04604464	0.15049627	0.01619278	0.24956769	0.24742389	0.060127713	0.12227241	
0.24956769
0.92276394	0.082471855	
0.92276394
오늘날씨 오늘날씨
0.104349434	0.01743399	0.07242412	0.1032497	0.035199404	0.2393008	0.23919725	0.060552582	0.13336872	
0.2393008
0.8816697	0.12340661	
0.8816697
오늘날씨 오늘날씨
0.112796664	0.01987527	0.091171294	0.20437652	0.017094912	0.21950662	0.1971369	0.049243446	0.09370027	
0.21950662
0.92445844	0.08044379	
0.92445844
오늘날씨 오늘날씨
0.05491687	0.015309295	0.06391086	0.082047686	0.06148935	0.26807582	0.22259648	0.11964415	0.11651378	
0.26807582
0.93300855	0.07149661	
0.93300855
오늘날씨 오늘날씨
0.0640735	0.022236617	0.108933836	0.17540328	0.04115166	0.24381897	0.17127985	0.067280196	0.1108474	
0.24381897
0.9435998	0.061425447	
0.9435998
오늘날씨 오늘날씨
0.06736408	0.031011699	0.13973477	0.16359966	0.06943136	0.19943565	0.12110806	0.10419967	0.10823014	
0.19943565
0.93529177	0.068823785	
0.93529177
오늘날씨 오늘날씨
0.118744485	0.020603687	0.059216652	0.07211323	0.09270203	0.26616433	0.21726537	0.05496313	0.10292187	
0.26616433
0.88119966	0.12349549	
0.88119966
오늘날씨 오늘날씨
0.082019225	0.03308419	0.11116884	0.14574072	0.052822754	0.29475015	0.1329769	0.060220398	0.09182505	
0.29475015
0.8878827	0.11672594	
0.8878827
오늘날씨 오늘날씨
0.06215092	0.038031477	0.10870051	0.14738956	0.035515934	0.24736291	0.21558584	0.053412396	0.09672838	
0.24736291
0.9371206	0.06775748	
0.9371206
오늘날씨 오늘날씨
0.061275363	0.038723238	0.09227881	0.100811034	0.035890248	0.3261367	0.21491764	0.025713688	0.1091312	
0.3261367
0.9263127	0.07856579	
0.9263127
오늘날씨 오늘날씨
0.09757943	0.051285002	0.11502805	0.13782237	0.037253994	0.2835917	0.14787912	0.031187298	0.10344913	
0.2835917
0.8931085	0.111968175	
0.8931085
오늘날씨 오늘날씨
0.11122584	0.05864426	0.09461677	0.13114755	0.035223607	0.24386144	0.1680442	0.031810496	0.12993032	
0.24386144
0.8918058	0.11269884	
0.8918058
오늘날씨 오늘날씨
0.0990128	0.039999247	0.10123576	0.17507875	0.05199286	0.1984115	0.13923956	0.045353808	0.15428385	
0.1984115
0.9019636	0.10264504	
0.9019636
오늘날씨 오늘날씨
0.08269062	0.03907914	0.102088116	0.17102914	0.039445177	0.23221304	0.1424161	0.050534576	0.14481437	
0.23221304
0.8861127	0.11819793	
0.8861127
오늘날씨 오늘날씨
0.10351591	0.034075968	0.11389519	0.19667427	0.051091406	0.2031609	0.17020315	0.030879933	0.10100786	
0.2031609
0.8886208	0.11588411	
0.8886208
오늘날씨 오늘날씨
0.11673155	0.03782009	0.104185976	0.17556599	0.04729728	0.19638462	0.19198902	0.06354302	0.070830405	
0.19638462
0.851351	0.15299705	
0.851351
오늘날씨 오늘날씨
0.13204774	0.031391416	0.14163019	0.17918965	0.024468275	0.15988249	0.16876516	0.05274075	0.11428972	
0.17918965
0.42187315	0.58253205	
0.58253205
오늘날씨 소리크게
0.060027044	0.041514337	0.12798686	0.14695229	0.03384169	0.2214777	0.18417467	0.057224717	0.13153985	
0.2214777
0.90643066	0.09830942	
0.90643066
오늘날씨 오늘날씨
0.055729542	0.061862726	0.09772339	0.14069231	0.045421448	0.22201397	0.20398371	0.07572997	0.10138844	
0.22201397
0.89655447	0.10799164	
0.89655447
오늘날씨 오늘날씨
0.08886711	0.04449566	0.08476451	0.13529056	0.037321668	0.2982379	0.17744915	0.0772139	0.06126132	
0.2982379
0.9069398	0.09796248	
0.9069398
오늘날씨 오늘날씨
0.052439664	0.027233966	0.07889481	0.15680185	0.04816214	0.33895314	0.14960101	0.090484954	0.06177623	
0.33895314
0.89949435	0.10485371	
0.89949435
오늘날씨 오늘날씨
0.07711856	0.07568524	0.096897855	0.102312796	0.025367087	0.24261539	0.24108014	0.07020409	0.07366932	
0.24261539
0.9209095	0.08404155	
0.9209095
오늘날씨 오늘날씨
0.08323835	0.027917476	0.14582597	0.13487363	0.038528908	0.23178576	0.21030335	0.044026572	0.088818945	
0.23178576
0.92282546	0.082494326	
0.92282546
오늘날씨 오늘날씨
0.12308151	0.035995197	0.08487154	0.1302542	0.023220723	0.21828528	0.26078272	0.055774603	0.072139665	
0.26078272
0.89326197	0.1111434	
0.89326197
오늘날씨 오늘날씨
0.05721807	0.057820857	0.09638632	0.10071683	0.04498297	0.25457484	0.23566194	0.04146122	0.115871966	
0.25457484
0.90821666	0.096478276	
0.90821666
오늘날씨 오늘날씨
0.09229002	0.06178281	0.13983686	0.095069565	0.034667447	0.22422637	0.24355108	0.044661783	0.068501234	
0.24355108
0.85903037	0.14555658	
0.85903037
오늘날씨 오늘날씨
0.15628585	0.037443854	0.13250288	0.064972624	0.03004085	0.27632803	0.1637919	0.020120788	0.12400767	
0.27632803
0.8742715	0.13122308	
0.8742715
오늘날씨 오늘날씨
0.094936885	0.029223476	0.07629975	0.10744709	0.030703172	0.37206322	0.2080089	0.029438118	0.056663785	
0.37206322
0.8997964	0.10498822	
0.8997964
오늘날씨 오늘날씨
0.0440751	0.042234767	0.09991867	0.044943232	0.023808105	0.3490206	0.3300404	0.026756417	0.04420258	
0.3490206
0.8950256	0.10997473	
0.8950256
오늘날씨 오늘날씨
0.13451597	0.023991747	0.051052798	0.10308392	0.010767537	0.3234777	0.21358018	0.040621374	0.10422782	
0.3234777
0.9171495	0.08816979	
0.9171495
오늘날씨 오늘날씨
0.105826594	0.023453372	0.059214506	0.12987833	0.038866956	0.13038081	0.41432554	0.048690494	0.054654196	
0.41432554
0.22570044	0.7795906	
0.7795906
오늘일정 오늘일정
0.044083454	0.030766062	0.07568662	0.20529105	0.04477562	0.17719938	0.32122764	0.034905992	0.072199166	
0.32122764
0.14210255	0.8640325	
0.8640325
오늘일정 오늘일정
0.09555296	0.031231252	0.0744292	0.1549876	0.05125184	0.1634086	0.3318076	0.03516671	0.068012185	
0.3318076
0.1463772	0.859471	
0.859471
오늘일정 오늘일정
0.08502158	0.03281182	0.118219115	0.2072807	0.053046267	0.15834138	0.20938756	0.038636398	0.10266041	
0.20938756
0.13464116	0.8707643	
0.8707643
오늘일정 오늘일정
0.104304075	0.04262861	0.12408074	0.16868691	0.0389267	0.12881014	0.27742472	0.04670624	0.073866576	
0.27742472
0.12837046	0.8770646	
0.8770646
오늘일정 오늘일정
0.14241737	0.02898696	0.066455096	0.1287727	0.045493424	0.1474624	0.33697975	0.04679864	0.061306484	
0.33697975
0.1854096	0.8192632	
0.8192632
오늘일정 오늘일정
0.10184134	0.042056352	0.08746372	0.07584907	0.0823479	0.1777466	0.29462656	0.05656467	0.08682296	
0.29462656
0.14268851	0.86263114	
0.86263114
오늘일정 오늘일정
0.063128725	0.04405271	0.07980529	0.09309622	0.0808315	0.21780942	0.3288162	0.067055464	0.030612886	
0.3288162
0.1797775	0.82543087	
0.82543087
오늘일정 오늘일정
0.10932897	0.031055322	0.09353465	0.11080335	0.0711483	0.17070736	0.2594218	0.09178614	0.06697609	
0.2594218
0.23192756	0.77283424	
0.77283424
오늘일정 오늘일정
0.107540965	0.06876108	0.108016215	0.14976719	0.072668016	0.10689719	0.2696358	0.08259078	0.038627207	
0.2696358
0.20643558	0.7980688	
0.7980688
오늘일정 오늘일정
0.08141805	0.063376375	0.09523368	0.10166516	0.070036694	0.15965265	0.3343824	0.061850194	0.037146762	
0.3343824
0.16496955	0.8397924	
0.8397924
오늘일정 오늘일정
0.11113528	0.056256007	0.095897004	0.12204943	0.053756855	0.14909387	0.3236049	0.060947362	0.031478323	
0.3236049
0.17204322	0.8321765	
0.8321765
오늘일정 오늘일정
0.12157024	0.056996617	0.12411851	0.14117765	0.05406481	0.12969378	0.24422897	0.072332524	0.060403816	
0.24422897
0.18049385	0.8240935	
0.8240935
오늘일정 오늘일정
0.0909739	0.07366144	0.12964173	0.15237716	0.049000032	0.08855742	0.34333038	0.042787787	0.034432095	
0.34333038
0.17491451	0.829847	
0.829847
오늘일정 오늘일정
0.11412656	0.033955436	0.06773599	0.18209855	0.036240343	0.12811524	0.38020816	0.034219924	0.02850802	
0.38020816
0.1505918	0.85461664	
0.85461664
오늘일정 오늘일정
0.117259465	0.06546066	0.05899172	0.22016564	0.042464815	0.07699584	0.32358196	0.045635846	0.05420596	
0.32358196
0.15755138	0.8472105	
0.8472105
오늘일정 오늘일정
0.06975038	0.04892677	0.10624815	0.14446555	0.06240418	0.119986266	0.39395672	0.03142458	0.027763663	
0.39395672
0.12988381	0.8750425	
0.8750425
오늘일정 오늘일정
0.144736	0.07943149	0.10022384	0.15654404	0.06943426	0.13393955	0.2302223	0.040599044	0.049795497	
0.2302223
0.20842601	0.79649997	
0.79649997
오늘일정 오늘일정
0.13721994	0.09317206	0.100963145	0.11892173	0.05801117	0.09427746	0.2434796	0.05933254	0.09898914	
0.2434796
0.19657889	0.80778784	
0.80778784
오늘일정 오늘일정
0.11202644	0.054014686	0.12315778	0.087435514	0.03640923	0.13365676	0.32705212	0.061311647	0.06986207	
0.32705212
0.18338653	0.82153976	
0.82153976
오늘일정 오늘일정
0.078309104	0.05452386	0.09497405	0.16198798	0.03713767	0.17173266	0.2824979	0.08872128	0.035243753	
0.2824979
0.18339644	0.8217318	
0.8217318
오늘일정 오늘일정
0.086516	0.062453553	0.08557658	0.0842359	0.06403971	0.20157093	0.30652383	0.065499544	0.04851009	
0.30652383
0.19569454	0.80923176	
0.80923176
오늘일정 오늘일정
0.047936942	0.036819488	0.09158872	0.09740202	0.078353696	0.20548794	0.24588631	0.14861612	0.05220073	
0.24588631
0.2549817	0.74931043	
0.74931043
오늘일정 오늘일정
0.03653387	0.04008016	0.105525054	0.038043354	0.10194627	0.26393467	0.30146492	0.08167721	0.036057685	
0.30146492
0.2133034	0.79195976	
0.79195976
오늘일정 오늘일정
0.05013428	0.050324026	0.13100375	0.07964429	0.10185671	0.13445581	0.3194103	0.09183147	0.04636437	
0.3194103
0.1977952	0.8072298	
0.8072298
오늘일정 오늘일정
0.08922826	0.052679468	0.08592193	0.11288413	0.10995318	0.19930996	0.24362083	0.06309297	0.048895963	
0.24362083
0.20130885	0.80427796	
0.80427796
오늘일정 오늘일정
0.06938073	0.03353865	0.094898276	0.13104583	0.070939384	0.17066097	0.3548631	0.05486967	0.024905348	
0.3548631
0.16580087	0.8393013	
0.8393013
오늘일정 오늘일정
0.057473607	0.052078325	0.0890298	0.07623822	0.07052256	0.22552091	0.34956124	0.04916286	0.03626049	
0.34956124
0.18524748	0.82060057	
0.82060057
오늘일정 오늘일정
0.1002537	0.0910368	0.09730521	0.102525376	0.050371565	0.15474987	0.28453517	0.06704555	0.057031102	
0.28453517
0.20777471	0.79707986	
0.79707986
오늘일정 오늘일정
0.119697854	0.056216538	0.08484965	0.11669685	0.05916602	0.14100026	0.33631533	0.04013749	0.050895218	
0.33631533
0.18632343	0.81865174	
0.81865174
오늘일정 오늘일정
0.20699231	0.0006261141	0.01042474	0.081238896	0.00021755969	0.14395078	0.29210436	0.15095587	0.12175395	
0.29210436
0.56874156	0.4395228	
0.56874156
지니야 오늘날씨
0.24179222	0.008179653	0.02386201	0.19010177	0.022109756	0.111858256	0.12697676	0.18920791	0.09410831	
0.24179222
지니야 뉴스
0.21749954	0.0039947242	0.017348327	0.20264654	0.012043191	0.06587397	0.16749254	0.26254645	0.059645645	
0.26254645
지니야 지니야
0.098503985	0.014493799	0.046802174	0.09331249	0.018092746	0.2106686	0.1708278	0.31760904	0.038461283	
0.31760904
지니야 지니야
0.12953493	0.0051454953	0.047379337	0.07880336	0.05827326	0.16402443	0.21060441	0.2080836	0.107325435	
0.21060441
0.37311572	0.63605857	
0.63605857
지니야 오늘일정
0.0812002	0.014206101	0.046481077	0.057699505	0.02434757	0.144779	0.35351646	0.27716696	0.010504159	
0.35351646
0.4290538	0.5808471	
0.5808471
지니야 오늘일정
0.07071379	0.03347138	0.045271073	0.11870103	0.037212837	0.1257131	0.16548583	0.33976406	0.074305154	
0.33976406
지니야 지니야
0.02818745	0.012848213	0.026229411	0.058543567	0.089526616	0.15913908	0.18180434	0.4059793	0.047843106	
0.4059793
지니야 지니야
0.07627683	0.067081414	0.02954165	0.07433694	0.048864976	0.13946794	0.15333354	0.3334766	0.08687938	
0.3334766
지니야 지니야
0.041027583	0.017501852	0.054390047	0.061792318	0.035818055	0.25779784	0.18821646	0.30734432	0.045120485	
0.30734432
지니야 지니야
0.029064162	0.017024204	0.028879428	0.06457035	0.044263005	0.22432664	0.1968174	0.38693002	0.019360712	
0.38693002
지니야 지니야
0.047335237	0.009657622	0.03290778	0.077206254	0.042557374	0.13989185	0.23480003	0.39468306	0.031830385	
0.39468306
지니야 지니야
0.024973636	0.027418537	0.018527672	0.04215519	0.019953877	0.1493096	0.1230059	0.49942726	0.10553758	
0.49942726
지니야 지니야
0.028554376	0.014006039	0.03864528	0.08819014	0.02504134	0.22098908	0.12849309	0.44787207	0.018846825	
0.44787207
지니야 지니야
0.036413934	0.01610131	0.018687345	0.08296431	0.017016908	0.14765996	0.23450822	0.42422277	0.033788845	
0.42422277
지니야 지니야
0.039116804	0.01773265	0.036178347	0.09604176	0.036999684	0.06722722	0.120896935	0.561182	0.035613656	
0.561182
지니야 지니야
0.026917217	0.023696195	0.015489062	0.109548874	0.008051774	0.14464028	0.09746323	0.5709936	0.014563399	
0.5709936
지니야 지니야
0.03621363	0.026975172	0.02304919	0.024085326	0.029329631	0.093330674	0.13628997	0.5358304	0.10407035	
0.5358304
지니야 지니야
0.2883119	0.012595817	0.014548046	0.17696434	0.028699897	0.053622432	0.07124866	0.36282495	0.0046974053	
0.36282495
지니야 지니야
0.09817067	0.008956907	0.013223382	0.052258044	0.011314347	0.18043076	0.11146765	0.48878208	0.047591336	
0.48878208
지니야 지니야
0.05934767	0.019977365	0.029968971	0.119132444	0.026674675	0.16990581	0.13216119	0.42894182	0.024416309	
0.42894182
지니야 지니야
0.048452638	0.014763561	0.028284615	0.083366476	0.024522802	0.2044394	0.14973946	0.43122342	0.025108414	
0.43122342
지니야 지니야
0.1133246	0.023010688	0.041324306	0.073386915	0.039391115	0.29706937	0.08034977	0.32564408	0.017488224	
0.32564408
지니야 지니야
0.065351315	0.029759724	0.013556572	0.10822928	0.036937006	0.14503163	0.07163381	0.5196305	0.022065427	
0.5196305
지니야 지니야
0.059462626	0.036376774	0.024494084	0.09960944	0.015470857	0.11206454	0.1132733	0.53146565	0.01889388	
0.53146565
지니야 지니야
0.0402028	0.021290824	0.022382922	0.080402836	0.033162452	0.10102747	0.08562298	0.5658082	0.060969025	
0.5658082
지니야 지니야
0.023386067	0.019848349	0.02130306	0.037366327	0.07987837	0.16966406	0.14978269	0.49033824	0.019071013	
0.49033824
지니야 지니야
0.092330195	0.033825774	0.012648034	0.11349768	0.06603357	0.13812523	0.08795041	0.44854653	0.018670602	
0.44854653
지니야 지니야
0.032719817	0.07723609	0.043027133	0.06849723	0.068513796	0.19184585	0.040978536	0.47610745	0.014232003	
0.47610745
지니야 지니야
0.036309168	0.04564937	0.025084058	0.12162769	0.046924293	0.18578832	0.1135147	0.43320912	0.004238899	
0.43320912
지니야 지니야
0.029357107	0.021880906	0.012944298	0.039126158	0.017531028	0.13120027	0.25951543	0.031030323	0.46794075	
0.46794075
클로바 클로바
0.025152111	0.05909781	0.023430431	0.06341297	0.016681237	0.083742596	0.2733269	0.027949205	0.4379595	
0.4379595
클로바 클로바
0.03941752	0.026885256	0.042083073	0.108647086	0.020592958	0.08240078	0.16828698	0.025382586	0.4961077	
0.4961077
클로바 클로바
0.055159714	0.004232683	0.009425119	0.11385371	0.016661152	0.02550102	0.15392873	0.014148446	0.61772776	
0.61772776
클로바 클로바
0.07202103	0.006594418	0.033822984	0.0819083	0.022909744	0.063044876	0.1326728	0.019613806	0.57877564	
0.57877564
클로바 클로바
0.02908324	0.026760982	0.025186323	0.0685857	0.018314661	0.060920957	0.070412256	0.02605589	0.6860437	
0.6860437
클로바 클로바
0.018360438	0.0023556275	0.0119991135	0.06351332	0.029889245	0.08303701	0.123495385	0.026280541	0.6519389	
0.6519389
클로바 클로바
0.05836508	0.010897045	0.027285827	0.041343164	0.041392844	0.05747992	0.06984404	0.025386704	0.6783146	
0.6783146
클로바 클로바
0.083666526	0.019467002	0.029377287	0.09679322	0.006530016	0.053315014	0.04993997	0.043552175	0.6262083	
0.6262083
클로바 클로바
0.0389252	0.044052944	0.02440068	0.04558499	0.022760658	0.09452352	0.09232425	0.021572104	0.62616503	
0.62616503
클로바 클로바
0.03574288	0.006738138	0.028696157	0.05775231	0.0030614506	0.042611696	0.079493575	0.015367727	0.74015146	
0.74015146
클로바 클로바
0.08853579	0.013827814	0.019850468	0.06435826	0.029148027	0.029615205	0.052356444	0.031061359	0.6806806	
0.6806806
클로바 클로바
0.049668718	0.036517665	0.011345346	0.050138105	0.017740887	0.0735545	0.08441883	0.016521625	0.6695283	
0.6695283
클로바 클로바
0.14196461	0.030691126	0.055311475	0.033204954	0.037503865	0.06775466	0.039194807	0.045699224	0.55714995	
0.55714995
클로바 클로바
0.05718993	0.0106644295	0.029177433	0.037202477	0.02141779	0.0198127	0.061626047	0.027438426	0.7459971	
0.7459971
클로바 클로바
0.13805228	0.0031809818	0.025263274	0.054160636	0.0037574647	0.04123314	0.031815875	0.02199156	0.691183	
0.691183
클로바 클로바
0.03237516	0.0039814063	0.017570073	0.14233711	0.015670884	0.051499534	0.104107715	0.012795371	0.63089865	
0.63089865
클로바 클로바
0.06256997	0.018218001	0.016417636	0.038723644	0.030584872	0.062331263	0.070877075	0.041574154	0.6690127	
0.6690127
클로바 클로바
0.0676793	0.026629958	0.033045057	0.04170087	0.051380765	0.041152243	0.13618235	0.03289218	0.57986355	
0.57986355
클로바 클로바
0.03604858	0.056396283	0.036783844	0.06345947	0.00083518215	0.040603697	0.018943917	0.028918784	0.72887987	
0.72887987
클로바 클로바
0.034700193	0.040492035	0.024455464	0.005095246	0.034883674	0.030301284	0.12640154	0.018650355	0.6962562	
0.6962562
클로바 클로바
0.030974528	0.013560108	0.012545667	0.014221488	0.012565258	0.076611646	0.032226387	0.020990528	0.79849935	
0.79849935
클로바 클로바
0.016395265	0.022623293	0.015931891	0.003993305	0.04765207	0.062966086	0.021421475	0.043629084	0.77591383	
0.77591383
클로바 클로바
0.15285988	0.012608594	0.007124132	0.09359973	0.0014899805	0.030410403	0.041569285	0.032417282	0.6395486	
0.6395486
클로바 클로바
0.07182297	0.005014506	0.026845945	0.10614488	0.026683042	0.010359635	0.032862052	0.02601133	0.7053668	
0.7053668
클로바 클로바
0.12892225	0.04255876	0.010619851	0.09104337	0.022976799	0.021997347	0.06959843	0.008011772	0.61617625	
0.61617625
클로바 클로바
0.03876915	0.012623924	0.047339413	0.057041485	0.046748307	0.04694067	0.048461538	0.016055185	0.69725627	
0.69725627
클로바 클로바
0.07490659	0.023026992	0.025768138	0.06113614	0.022900268	0.020618925	0.035054162	0.023650063	0.7252844	
0.7252844
클로바 클로바
0.031585358	0.0432985	0.024016943	0.062102713	0.023456817	0.04339592	0.07175909	0.031122671	0.6799003	
0.6799003
클로바 클로바
0.064723946	0.0035602942	0.0381196	0.07700289	0.021496946	0.0637744	0.06610544	0.015181855	0.66045123	
0.66045123
클로바 클로바
